7.39E-02,5.00E-01,2.98E-01,1.05E-02,1.43E-01,2.93E-02,9.51E-01,-2.75E-01,1.40E-01,-2.75E-01,-5.47E-01,7.91E-01,-1.40E-01,-7.91E-01,-5.96E-01,2.00E+00,1.00E+00,-1.00E+00,0.00E+00,2.00E+00,4.51E-01,9.35E-03,4.17E-03,8.45E-01,7.35E-01,9.78E-02,0.00E+00,6.42E-01,1.00E+00,-1.00E+00,0.00E+00
1.05E-02,1.43E-01,2.93E-02,1.11E-01,3.70E-02,-2.99E-01,9.59E-02,9.55E-01,-2.80E-01,9.55E-01,-9.32E-03,2.96E-01,2.80E-01,-2.96E-01,-9.13E-01,-1.00E+00,-1.00E+00,0.00E+00,2.00E+00,3.00E+00,3.60E-01,6.87E-03,2.08E-03,0.00E+00,0.00E+00,3.30E-02,1.00E+00,0.00E+00,7.35E-01,-1.00E+00,1.00E+00
1.05E-02,1.43E-01,2.93E-02,-2.47E-01,-4.20E-01,-6.88E-02,8.01E-01,-4.37E-01,4.10E-01,-4.37E-01,4.29E-02,8.99E-01,-4.10E-01,-8.99E-01,-1.56E-01,-1.00E+00,-1.00E+00,0.00E+00,2.00E+00,1.00E+00,6.27E-01,7.90E-03,2.08E-03,0.00E+00,0.00E+00,5.75E-02,1.00E+00,0.00E+00,8.45E-01,-1.00E+00,2.00E+00
,,,,,,,,,,,,,,,,,,,,,,,,,,,,,,
,,,,,,,,,,,,,,,,,,,,,,,,,,,,,,
,,,,,,,,,,,,,,,,,,,,,,,,,,,,,,
,,,,,,,,,,,,,,,,,,,,,,,,,,,,,,